[20, 36, 40, 42, 47, 54, 67, 74, 76, 87, 90, 99, 121, 127, 136, 142, 145, 150, 152, 153, 155, 160, 162, 169, 195, 196, 197, 205, 206, 213] # parent id = 429
[93, 186]
[100, 122, 9, 8, 30]
[146, 17, 172, 33, 148]
[130, 92, 13, 109]
[0, 6, 125]
[72, 15, 51]
[3, 189, 83]
[95, 80]
[19, 4, 21]
[84, 1, 71, 209]
[103, 7]
[138, 44]
[147, 41]
[198, 149, 194]
[32, 5, 117, 211]
[69, 45]
[154, 11]
[124, 10, 159, 106]
[79, 141]
[191, 97]
[173, 60]
[91, 115, 133, 214, 52, 111, 24, 43, 63]  # pain
[139, 46, 184] # food and diet
[65, 61, 166, 66, 48, 12, 171, 39, 192]
[107, 193]
[137, 215, 57, 85]
[64, 181]
[58, 23]
[18, 105]
[94, 34, 35]